0 26.1841 97.77 0.898 0.8495 
1 32.7349 88.05 0.6004 0.6875 
2 29.6037 110.19 0.6892 0.7365 
3 33.2499 84.81 0.9108 1.0505 
4 32.2199 78.87 0.6652 0.6745 
5 27.9763 64.11 0.6988 0.6905 
6 30.4689 83.19 0.7124 0.8195 
7 31.3547 70.77 0.6916 0.7435 
8 29.5625 75.63 0.9252 0.6325 
9 27.4201 76.17 0.7628 0.8745 
10 29.3771 94.53 0.9356 0.9475 
11 28.7179 81.39 0.71 0.9565 
12 34.5477 44.85 0.8252 0.6405 
13 33.8267 106.95 0.9628 0.9465 
14 26.2253 118.65 0.9372 1.0335 
15 28.4913 83.01 0.694 1.0375 
16 35.3305 49.89 0.7044 1.0625 
17 26.9463 52.23 0.6716 0.9995 
18 29.1917 34.59 0.7668 0.8325 
19 28.0793 107.49 0.9932 0.7505 
20 28.2029 119.01 0.9044 0.6865 
21 31.6637 32.79 0.8292 1.0225 
22 30.4483 45.93 0.866 0.7405 
23 33.5177 105.15 0.6196 0.6955 
24 33.3117 108.75 0.8244 0.8125 
25 27.9969 77.25 0.9516 0.8615 
26 27.3789 118.83 0.9724 1.0325 
27 34.1357 77.79 0.8284 1.0605 
28 32.3023 39.63 0.6012 0.9095 
29 31.7049 46.83 0.6076 0.8055 
30 32.3229 71.67 0.9604 0.8385 
31 28.4089 93.09 0.9644 0.7705 
32 32.4259 35.85 0.7772 1.0245 
33 35.4541 34.05 0.8044 0.8355 
34 27.1729 86.97 0.8964 0.9735 
35 26.4107 113.97 0.8596 0.9765 
36 31.9109 82.47 0.6532 1.0715 
37 29.2535 96.33 0.6284 0.6195 
38 26.5755 75.81 0.7108 0.8305 
39 34.2181 77.61 0.9452 1.0795 
40 35.9279 35.49 0.6668 1.0095 
41 32.8173 48.45 0.8732 0.9485 
42 30.5719 111.45 0.9324 0.9805 
43 29.0269 50.43 0.85 0.7175 
44 26.0193 79.59 0.9668 0.8565 
45 29.9333 49.71 0.7444 0.9625 
46 30.3659 46.65 0.6836 1.0075 
47 30.7161 110.55 0.8396 0.7325 
48 29.2123 35.67 0.6604 0.9955 
49 33.7443 107.85 0.6964 1.0675 
50 32.1375 33.87 0.9556 1.0745 
51 28.2853 36.75 0.7292 0.9455 
52 27.6673 79.41 0.8412 1.0005 
53 33.3529 69.87 0.7972 0.9505 
54 26.9051 81.75 0.638 0.9305 
55 30.8603 60.51 0.626 0.6125 
56 26.6579 47.91 0.7588 0.6095 
57 27.6055 48.99 0.7508 0.6415 
58 32.9203 45.75 0.7724 0.6515 
59 26.7197 69.33 0.8604 0.9545 
60 25.7103 79.23 0.6972 0.8535 
61 27.7085 106.05 0.9196 1.0845 
62 32.7555 67.17 0.9836 0.7085 
63 34.7949 86.07 0.734 1.0755 
64 31.3135 55.47 0.7332 0.7645 
65 25.8545 43.05 0.9148 0.6785 
66 31.7873 102.81 0.878 0.7775 
67 34.1975 39.09 0.6684 1.0985 
68 34.0945 41.43 0.7644 0.9865 
69 28.3265 78.33 0.6084 0.8995 
70 34.7537 93.27 0.6572 0.9255 
71 25.7721 114.15 0.6452 0.7225 
72 35.2275 96.69 0.8324 0.8415 
73 28.8415 65.55 0.766 0.9085 
74 34.2593 85.71 0.8716 0.7095 
75 28.9445 109.83 0.9956 0.6715 
76 31.3341 78.51 0.774 0.6535 
77 32.6525 68.25 0.8508 0.8885 
78 29.6655 109.11 0.7548 0.9415 
79 27.9351 84.09 0.9844 0.7005 
80 26.1429 60.15 0.6676 0.8075 
81 26.6991 110.73 0.9916 0.8245 
82 30.3865 101.73 0.9444 0.9725 
83 30.2835 104.25 0.9748 0.6005 
84 34.3623 61.77 0.8452 0.8445 
85 28.6561 61.05 0.7932 1.0015 
86 27.0287 30.09 0.9636 0.7545 
87 28.8003 99.75 0.9388 1.0565 
88 29.5213 48.63 0.7596 0.7655 
89 33.8061 100.11 0.7836 1.0995 
90 27.7497 95.25 0.6332 0.7345 
91 35.9691 72.03 0.75 0.6135 
92 29.3565 62.67 0.8588 0.6075 
93 29.9539 46.29 0.7692 0.6795 
94 32.6937 52.59 0.8524 1.0145 
95 35.2893 63.93 0.8108 0.8255 
96 35.8249 103.89 0.8308 1.0475 
97 27.7703 115.23 0.93 0.8465 
98 35.7425 71.31 0.6236 1.0615 
99 29.7479 116.85 0.9892 0.7335 
100 34.0533 48.09 0.9868 0.8635 
101 28.5325 113.43 0.7516 1.0835 
102 29.4183 95.43 0.6724 0.8815 
103 35.6807 98.67 0.7068 0.7265 
104 27.2141 90.75 0.8076 0.7145 
105 27.8527 77.07 0.9348 0.6605 
106 35.7219 68.43 0.7348 0.6925 
107 25.9987 88.77 0.862 0.7795 
108 35.8867 85.35 0.7244 1.0645 
109 28.8209 83.37 0.958 0.8665 
110 29.0681 44.67 0.6556 1.0455 
111 33.0645 91.47 0.81 0.7465 
112 33.4765 95.97 0.754 0.7595 
113 30.8191 47.55 0.7324 1.0825 
114 34.5271 106.41 0.9268 0.8625 
115 30.2423 92.91 0.6588 0.8975 
116 31.4783 84.27 0.922 0.7855 
117 35.4953 51.87 0.9236 0.6045 
118 27.4613 119.19 0.6804 0.6845 
119 32.8379 69.69 0.9964 0.7895 
120 33.9915 78.69 0.91 0.9705 
121 32.0757 66.63 0.714 0.7295 
122 35.1039 50.61 0.7268 0.7575 
123 31.0045 62.31 0.7684 0.9345 
124 27.9145 80.49 0.7468 0.7535 
125 28.0381 75.45 0.678 0.8185 
126 34.4859 84.45 0.8212 0.7925 
127 30.7779 58.53 0.7636 0.7455 
128 27.3171 34.77 0.8428 0.8105 
129 27.5643 75.99 0.8756 0.7845 
130 29.8303 30.99 0.9012 0.7995 
131 26.2871 65.91 0.8388 0.6375 
132 29.1299 37.65 0.89 0.6985 
133 28.5119 37.83 0.9796 1.0595 
134 35.0215 42.87 0.6308 0.9685 
135 30.1187 39.27 0.9076 0.7955 
136 30.3453 100.47 0.834 0.7985 
137 26.0399 38.01 0.738 0.6425 
138 33.2911 70.95 0.7828 0.7045 
139 33.3941 89.31 0.9004 0.6825 
140 32.3641 47.73 0.8868 1.0205 
141 29.3977 90.57 0.6732 0.7425 
142 31.4577 102.45 0.942 0.6115 
143 33.0851 56.73 0.95 0.9405 
144 31.0457 114.51 0.7556 0.7185 
145 35.1863 75.09 0.8092 0.8865 
146 31.6019 77.43 0.6188 0.7195 
147 33.5795 76.71 0.7956 1.0195 
148 27.5849 66.09 0.6316 1.0545 
149 32.3847 40.35 0.9876 0.6055 
150 34.0327 68.07 0.746 0.9285 
151 26.6785 36.03 0.7428 1.0895 
152 34.8773 114.69 0.8236 0.6435 
153 28.0999 41.79 0.8268 0.7105 
154 32.5495 115.05 0.858 0.7765 
155 35.5365 64.83 0.9572 0.6455 
156 32.5289 107.67 0.8084 0.8265 
157 27.2347 70.05 0.8028 0.8685 
158 33.1263 74.01 0.842 0.8555 
159 26.5961 92.37 0.8436 0.8025 
160 32.8997 31.89 0.946 0.6755 
161 35.3923 53.13 0.8996 0.6205 
162 26.3489 39.81 0.9908 0.8175 
163 34.7743 86.61 0.7964 0.7605 
164 28.3677 99.57 0.8196 0.7375 
165 30.9015 87.15 0.8852 1.0965 
166 27.3995 49.17 0.8924 1.0955 
167 31.1693 109.65 0.846 1.0685 
168 29.1711 117.21 0.798 0.6025 
169 32.1787 82.29 0.9564 0.9555 
170 35.5159 46.47 0.7092 0.9825 
171 32.6113 90.93 0.9364 1.0305 
172 26.7815 60.33 0.8988 0.6305 
173 31.6225 108.93 0.8036 1.0295 
174 33.4353 59.43 0.6548 0.8645 
175 27.2759 91.29 0.8124 1.0515 
176 29.7685 88.23 0.6756 0.7935 
177 32.7143 30.63 0.786 0.8965 
178 34.1769 43.23 0.8676 0.9935 
179 35.5777 35.31 0.6068 0.8575 
180 30.4895 66.81 0.654 0.8525 
181 29.8921 39.99 0.882 1.0135 
182 31.9933 68.79 0.7372 0.6945 
183 28.4501 31.17 0.618 0.7615 
184 26.1223 79.77 0.6524 0.9965 
185 33.6413 112.17 0.6292 1.0435 
186 27.6467 68.61 0.8612 0.9845 
187 30.0157 54.93 0.7884 0.7715 
188 31.9521 94.89 0.6444 0.9215 
189 26.3283 101.55 0.8404 1.0655 
190 33.5589 54.39 0.87 0.7135 
191 31.1281 50.25 0.9708 0.7785 
192 30.8397 33.15 0.6876 0.9205 
193 33.4559 67.89 0.69 0.6975 
194 29.4595 43.59 0.6828 0.6165 
195 33.7855 87.69 0.8804 0.7355 
196 29.0063 30.81 0.8684 1.0785 
197 30.0569 100.29 0.9476 0.7015 
198 31.2311 33.33 0.7748 0.7745 
199 31.4989 32.97 0.8812 1.0155 
200 30.1805 57.45 0.686 0.9225 
201 31.9315 41.25 0.718 0.7685 
202 33.0233 93.99 0.6636 0.8875 
203 35.4747 33.51 0.9588 0.8845 
204 26.8845 63.75 0.6708 0.8755 
205 27.5437 93.81 0.8188 0.7555 
206 35.1451 104.97 0.6268 0.9655 
207 33.8679 98.13 0.9228 1.0865 
208 28.2235 47.19 0.7756 0.6815 
209 30.0363 81.21 0.6628 0.7305 
210 31.7667 43.95 0.8844 0.7035 
211 27.0493 118.47 0.8708 0.9165 
212 31.2723 80.13 0.658 0.7865 
213 26.8639 74.37 0.73 0.9985 
214 28.7797 66.45 0.666 0.6765 
215 33.1057 85.89 0.634 0.9145 
216 27.1523 104.07 0.6508 0.7565 
217 34.5065 117.93 0.8772 0.8005 
218 32.4053 88.41 0.8644 0.7475 
219 34.2387 118.11 0.9684 1.0885 
220 30.2011 95.79 0.8796 1.0105 
221 26.5343 91.11 0.854 0.7945 
222 27.0699 112.89 0.8948 0.8315 
223 35.3099 79.05 0.9468 1.0125 
224 31.1899 38.73 0.8692 0.6245 
225 33.4147 51.51 0.8876 0.9915 
226 27.7291 56.01 0.7404 0.8145 
227 28.0587 69.15 0.726 0.8725 
228 33.6001 54.57 0.778 0.9245 
229 32.4465 63.21 0.7308 0.6265 
230 33.0439 112.35 0.9124 0.7485 
231 35.2687 70.41 0.6644 0.6105 
232 27.2553 119.37 0.7532 0.9575 
233 27.3583 97.41 0.8892 1.0775 
234 35.1657 106.77 0.7084 0.7805 
235 32.6319 105.51 0.7052 0.8375 
236 35.6395 51.15 0.9404 0.6645 
237 35.0009 52.05 0.8572 1.0445 
238 30.4277 111.63 0.614 0.9185 
239 34.6301 96.15 0.7564 0.9745 
240 32.2405 36.93 0.9676 1.0585 
241 25.9163 55.29 0.7732 0.6565 
242 35.2481 99.03 0.646 0.9315 
243 34.8361 34.41 0.7388 1.0415 
244 30.2217 30.45 0.9548 0.8115 
245 32.0139 108.39 0.9596 1.0275 
246 29.5419 55.11 0.9884 0.8955 
247 27.4819 111.99 0.7716 0.6255 
248 26.9875 88.59 0.6276 0.8235 
249 27.5025 94.35 0.6404 0.8715 
250 35.9897 87.51 0.67 0.8605 
251 30.7573 89.13 0.7396 0.8135 
252 30.5925 65.19 0.6172 0.8225 
253 33.7649 57.27 0.838 0.7115 
254 35.9073 93.45 0.6356 0.7525 
255 32.5701 41.07 0.8468 0.8165 
256 34.4241 72.21 0.8068 0.7725 
257 32.0345 67.71 0.6324 0.6345 
258 30.0775 67.53 0.7076 1.0285 
259 29.9951 110.37 0.6908 0.8765 
260 35.5983 107.13 0.8204 0.8835 
261 30.9633 59.25 0.994 0.8425 
262 33.8885 33.69 0.61 0.6465 
263 31.3959 74.19 0.9172 0.7815 
264 25.8957 64.29 0.9764 0.9425 
265 34.7125 80.31 0.7924 0.9645 
266 31.5813 42.51 0.722 0.7915 
267 32.4671 100.65 0.8532 0.8045 
268 30.5307 107.31 0.7028 0.6965 
269 25.7515 73.11 0.758 0.6735 
270 34.1151 102.09 0.6788 0.9055 
271 31.5401 115.59 0.7148 0.9265 
272 28.9033 109.29 0.6412 0.8695 
273 35.6601 59.61 0.926 0.8085 
274 28.4295 53.49 0.7364 0.7215 
275 29.9745 70.59 0.8116 1.0425 
276 28.3883 117.75 0.6252 1.0975 
277 33.8473 81.57 0.8132 1.0405 
278 33.9709 111.81 0.7572 0.6675 
279 27.8939 57.99 0.9284 0.6805 
280 29.7273 97.95 0.9652 0.6885 
281 31.2929 87.33 0.8156 1.0805 
282 34.9597 92.73 0.9396 1.0465 
283 31.6431 99.93 0.6204 0.9775 
284 26.2459 82.11 0.8668 0.9885 
285 34.9185 55.83 0.6044 0.9385 
286 35.9485 111.09 0.6476 0.6475 
287 26.4313 79.95 0.9972 1.0665 
288 32.8585 62.49 0.6492 0.6235 
289 25.9369 90.03 0.6436 0.7065 
290 35.0421 61.95 0.606 0.8455 
291 31.7461 74.73 0.826 0.7165 
292 31.4371 86.79 0.8764 0.8015 
293 28.1617 67.35 0.9244 0.6915 
294 28.6767 54.03 0.79 0.9175 
295 26.8021 47.01 0.6428 0.7055 
296 34.5683 92.55 0.6748 0.7385 
297 33.1675 71.13 0.7676 0.7415 
298 28.5943 88.95 0.9132 0.6355 
299 27.1111 61.23 0.9756 0.7155 
300 33.6825 91.83 0.9276 0.6175 
301 34.6919 101.91 0.9828 0.7395 
302 29.6861 112.71 0.8916 1.0185 
303 30.9839 115.95 0.8636 0.8905 
304 31.0251 41.61 0.806 0.6495 
305 25.8339 40.53 0.6516 0.9905 
306 30.1393 61.41 0.7412 0.6855 
307 27.8733 95.61 0.9988 0.9605 
308 34.6713 105.33 0.7164 0.9395 
309 35.0627 86.43 0.886 0.6625 
310 33.2087 44.31 0.9332 0.9515 
311 35.8043 50.97 0.9292 0.9105 
312 27.7909 58.89 0.8004 0.8675 
313 34.4653 73.47 0.7172 0.8825 
314 33.7031 72.39 0.6924 0.6145 
315 27.8115 42.15 0.9788 0.8435 
316 31.8285 104.79 0.9436 0.8365 
317 25.7309 31.71 0.8052 0.8945 
318 35.0833 30.27 0.7156 1.0115 
319 34.3211 51.33 0.6348 0.7245 
320 31.5195 73.29 0.9492 1.0525 
321 27.1935 36.39 0.8364 1.0935 
322 29.7067 38.37 0.762 0.9795 
323 35.7013 83.73 0.674 0.7665 
324 29.6243 53.85 0.7812 1.0165 
325 35.5571 101.01 0.8492 0.6315 
326 29.3153 56.19 0.8348 0.9375 
327 25.7927 34.95 0.7452 0.6015 
328 27.3377 62.13 0.8476 0.8895 
329 26.6167 49.35 0.974 1.0175 
330 31.5607 108.57 0.65 0.8215 
331 26.0605 32.25 0.9412 0.8505 
332 27.6879 56.91 0.7852 0.6835 
333 27.6261 103.17 0.966 1.0925 
334 26.8227 89.49 0.986 0.9325 
335 28.3471 102.99 0.9524 0.8705 
336 30.8809 57.81 0.9692 0.9275 
337 30.1599 62.85 0.9036 0.6935 
338 32.2817 77.97 0.9188 0.6695 
339 31.8079 115.77 0.7876 1.0045 
340 32.2611 32.43 0.6124 0.7635 
341 32.7761 116.13 0.8748 0.6505 
342 34.4035 117.03 0.954 0.8595 
343 28.1205 83.91 0.7212 0.7625 
344 33.9297 94.71 0.6396 0.6995 
345 26.2665 74.55 0.8484 0.6335 
346 35.2069 56.55 0.9996 0.8485 
347 32.6731 103.71 0.8148 0.6485 
348 29.9127 80.85 0.9924 1.0875 
349 30.9427 65.37 0.8548 1.0495 
350 28.5737 97.23 0.8316 0.6295 
351 30.9221 84.63 0.8164 0.7495 
352 34.0739 53.67 0.9116 0.6615 
353 28.5531 64.65 0.706 0.6185 
354 30.5513 66.99 0.8836 0.8985 
355 35.6189 92.19 0.7996 0.9895 
356 30.6337 109.47 0.742 0.9045 
357 25.9781 73.83 0.7524 0.9015 
358 32.8791 40.17 0.7916 0.7825 
359 26.3077 113.25 0.7116 0.9535 
360 31.2105 54.21 0.9428 0.9695 
361 35.1245 115.41 0.6028 0.9715 
362 27.0081 82.83 0.8908 0.6085 
363 34.5889 52.41 0.814 1.0905 
364 26.5137 72.93 0.822 0.9755 
365 30.2629 74.91 0.9028 0.9665 
366 30.4071 98.85 0.682 1.0395 
367 31.8903 103.53 0.6212 0.9155 
368 35.4335 80.67 0.8884 0.6895 
369 26.4519 119.91 0.6052 0.6595 
370 29.2329 44.13 0.6868 0.8475 
371 27.5231 31.35 0.8828 0.8775 
372 26.7609 113.61 0.8228 0.9445 
373 34.6507 41.97 0.6884 0.7515 
374 29.5831 98.31 0.7892 1.0765 
375 26.9669 44.49 0.8972 0.9075 
376 33.7237 45.03 0.874 1.0265 
377 34.9391 117.57 0.7908 0.7315 
378 25.8133 114.33 0.7652 0.8935 
379 28.3059 59.07 0.7036 0.8065 
380 34.3829 78.15 0.6132 0.8405 
381 27.9557 90.21 0.9316 1.0695 
382 27.0905 63.03 0.702 0.8035 
383 33.0027 86.25 0.9804 0.9785 
384 28.2441 99.21 0.818 1.0915 
385 32.0551 36.21 0.6772 0.6065 
386 30.3041 54.75 0.782 1.0725 
387 28.6149 45.39 0.9732 1.0235 
388 28.6973 32.07 0.9852 0.7275 
389 31.3753 97.05 0.6108 0.9945 
390 26.7403 89.85 0.6388 0.7695 
391 33.1469 38.91 0.7476 0.9595 
392 31.2517 52.77 0.9052 0.6395 
393 29.6449 96.51 0.6932 0.7075 
394 32.9409 85.53 0.8172 0.6585 
395 35.4129 55.65 0.6116 0.9815 
396 33.4971 108.03 0.794 0.9525 
397 29.2741 45.57 0.7188 0.9975 
398 31.9727 76.35 0.7764 0.9335 
399 34.6095 37.11 0.6164 0.9925 
400 34.0121 69.51 0.7484 0.7835 
401 29.7891 75.27 0.6948 0.6035 
402 29.0475 71.49 0.6244 1.0355 
403 35.8455 72.57 0.83 0.6575 
404 32.1581 108.21 0.77 0.7445 
405 34.2799 57.63 0.7356 0.8925 
406 32.1993 102.27 0.6852 1.0555 
407 34.8155 68.97 0.97 0.6705 
408 33.5383 60.87 0.6228 1.0855 
409 30.6749 39.45 0.6036 0.7875 
410 26.8433 66.27 0.9156 0.6545 
411 30.6955 56.37 0.7708 0.6285 
412 30.6131 87.87 0.8788 0.7585 
413 29.8097 84.99 0.982 0.9115 
414 35.3717 37.29 0.9948 0.8275 
415 31.4165 90.39 0.9716 0.8205 
416 34.7331 42.33 0.6996 0.7205 
417 28.9857 81.93 0.7796 0.9195 
418 34.4447 91.65 0.6564 0.9295 
419 28.1411 37.47 0.6812 0.9025 
420 26.9257 72.75 0.9084 0.9675 
421 30.6543 92.01 0.998 0.8785 
422 28.6355 104.61 0.6612 0.8515 
423 33.3323 43.41 0.6844 0.7235 
424 31.8697 113.79 0.934 1.0055 
425 28.2647 89.67 0.8012 1.0385 
426 29.2947 71.85 0.9204 0.8915 
427 29.5007 65.01 0.7132 0.6445 
428 26.6373 59.79 0.8652 1.0215 
429 28.1823 95.07 0.642 1.0735 
430 31.1487 85.17 0.6484 1.0025 
431 26.5549 101.37 0.7868 0.8855 
432 26.3695 116.49 0.7948 0.9615 
433 27.4407 51.69 0.9164 0.7735 
434 31.0869 73.65 0.6764 0.9495 
435 30.7367 70.23 0.9484 1.0485 
436 32.9615 52.95 0.6468 0.9435 
437 34.8567 38.19 0.9612 0.9035 
438 35.7837 112.53 0.7284 0.9875 
439 25.9575 65.73 0.962 0.9635 
440 34.3417 82.65 0.7788 1.0255 
441 35.3511 40.89 0.63 0.6525 
442 29.1093 98.49 0.99 0.9855 
443 29.8509 59.97 0.6796 1.0365 
444 33.1881 58.17 0.6156 1.0085 
445 32.1169 63.39 0.906 1.0065 
446 26.1635 42.69 0.602 0.8395 
447 32.0963 61.59 0.8276 0.6725 
448 31.0663 102.63 0.902 0.9365 
449 26.2047 35.13 0.7228 0.8295 
450 35.8661 113.07 0.7844 0.6665 
451 29.1505 97.59 0.8444 0.8545 
452 31.8491 106.59 0.7612 1.0035 
453 31.6843 101.19 0.7204 0.8655 
454 32.5907 116.67 0.6364 0.8345 
455 28.7385 50.79 0.8724 0.7025 
456 33.6207 57.09 0.6956 0.8285 
457 35.7631 34.23 0.7604 0.7285 
458 27.2965 60.69 0.6092 0.9135 
459 29.4389 118.29 0.7236 0.6655 
460 28.4707 64.47 0.8564 1.0945 
461 25.8751 96.87 0.6692 0.7885 
462 33.9091 50.07 0.9068 0.9065 
463 27.8321 117.39 0.9812 0.8795 
464 29.0887 49.53 0.9532 0.6365 
465 34.9803 83.55 0.7012 1.0705 
466 32.3435 63.57 0.9212 0.6275 
467 34.3005 53.31 0.9508 0.8095 
468 31.1075 58.35 0.7004 0.9585 
469 31.7255 106.23 0.918 0.6555 
470 29.4801 76.89 0.914 1.0635 
471 32.7967 94.17 0.7436 0.8585 
472 26.1017 100.83 0.8356 1.0315 
473 32.4877 104.43 0.9308 0.7755 
474 34.1563 111.27 0.7196 1.0575 
475 34.8979 43.77 0.8556 1.0815 
476 28.8621 116.31 0.8932 0.8805 
477 28.9651 110.01 0.978 0.6385 
478 33.2705 105.69 0.8956 0.6225 
479 33.9503 99.39 0.9092 0.8735 
480 30.7985 36.57 0.662 0.8335 
481 29.3359 31.53 0.7804 0.7255 
482 30.5101 105.87 0.7988 0.9235 
483 33.2293 38.55 0.6596 0.6155 
484 29.8715 58.71 0.698 0.6685 
485 26.3901 47.37 0.802 0.6215 
486 30.0981 110.91 0.8332 1.0535 
487 32.9821 119.55 0.8372 0.7975 
488 27.1317 48.81 0.7492 0.9835 
489 28.8827 81.03 0.894 0.8155 
490 32.5083 46.11 0.7316 0.9355 
491 30.3247 114.87 0.8516 0.7125 
492 28.0175 40.71 0.7252 0.7965 
493 26.4931 32.61 0.6148 0.7905 
494 26.4725 93.63 0.9772 1.0345 
495 33.6619 45.21 0.8628 0.9125 
496 28.7591 48.27 0.938 0.7675 
497 33.3735 103.35 0.6372 0.9005 
498 26.0811 76.53 0.622 0.6635 
499 28.9239 119.73 0.7276 0.6775 
