 nuggets \ scales 
	0.001	0.0676333	0.134267	0.2009	0.267533	0.334167	0.4008	0.467433	0.534067	0.6007	0.667333	0.733967	0.8006	0.867233	0.933867	1.0005	1.06713	1.13377	1.2004	1.26703	1.33367	1.4003	1.46693	1.53357	1.6002	1.66683	1.73347	1.8001	1.86673	1.93337	2	
1e-06	917.102	917.11	956.547	1170.07	1483.77	1941.27	2422.43	2760.84	2918.16	2922.11	2810.33	2612.8	2349.08	2032.47	1674.78	1288.48	886.338	480.283	80.4581	-305.275	-671.246	-1013.58	-1329.74	-1618.02	-1877.12	-2105.91	-2303.16	-2467.5	-2597.46	-2691.49	-2748.17	
1.58489e-06	917.102	917.11	956.547	1170.07	1483.77	1941.27	2422.43	2760.85	2918.17	2922.13	2810.36	2612.89	2349.3	2032.96	1675.84	1290.6	890.342	487.46	92.7128	-285.247	-639.769	-965.817	-1259.53	-1517.76	-1737.77	-1917.02	-2053.22	-2144.36	-2189.01	-2186.58	-2137.59	
2.51189e-06	917.102	917.11	956.547	1170.07	1483.77	1941.27	2422.43	2760.85	2918.17	2922.14	2810.4	2612.98	2349.52	2033.46	1676.89	1292.71	894.331	494.598	104.866	-265.46	-608.831	-919.192	-1191.6	-1421.87	-1606.37	-1742.04	-1826.55	-1858.61	-1838.27	-1767.24	-1649.04	
3.98107e-06	917.102	917.11	956.547	1170.07	1483.77	1941.27	2422.43	2760.85	2918.17	2922.15	2810.43	2613.07	2349.73	2033.95	1677.95	1294.82	898.306	501.696	116.919	-245.91	-578.418	-873.665	-1125.85	-1330.06	-1482.26	-1579.45	-1620.01	-1604.03	-1533.65	-1413.13	-1248.72	
6.30957e-06	917.102	917.11	956.547	1170.07	1483.77	1941.27	2422.43	2760.85	2918.18	2922.18	2810.51	2613.25	2350.17	2034.94	1680.05	1299.02	906.212	515.776	140.73	-207.503	-519.114	-785.752	-1000.45	-1157.66	-1253.57	-1286.51	-1257.35	-1169.77	-1030.13	-846.997	-630.262	
1e-05	917.102	917.11	956.547	1170.07	1483.77	1941.27	2422.43	2760.85	2918.2	2922.23	2810.65	2613.62	2351.04	2036.91	1684.23	1307.36	921.855	543.474	187.203	-133.347	-406.246	-621.51	-771.561	-851.8	-861.238	-802.882	-683.633	-513.565	-304.679	-69.4337	180.578	
1.58489e-05	917.102	917.11	956.546	1170.06	1483.77	1941.26	2422.42	2760.85	2918.22	2922.31	2810.86	2614.16	2352.34	2039.85	1690.46	1319.72	944.903	583.908	254.179	-28.314	-249.959	-400.499	-474.133	-470.378	-394.344	-256.092	-69.0781	151.909	392.768	641.524	888.979	
2.51189e-05	917.102	917.11	956.546	1170.06	1483.77	1941.26	2422.42	2760.86	2918.25	2922.42	2811.18	2614.97	2354.29	2044.23	1699.7	1337.96	978.569	642.181	348.938	116.707	-40.77	-115.706	-107.58	-23.2759	124.25	318.535	542.572	781.228	1022.63	1258.42	1483.28	
3.98107e-05	917.102	917.11	956.546	1170.06	1483.76	1941.25	2422.41	2760.86	2918.31	2922.61	2811.71	2616.33	2357.52	2051.46	1714.85	1367.54	1032.39	733.446	493.31	329.975	253.799	265.51	356.232	509.868	706.996	928.833	1159.91	1389.05	1609.09	1815.93	2007.5	
6.30957e-05	917.102	917.11	956.545	1170.05	1483.75	1941.23	2422.4	2760.87	2918.4	2922.91	2812.53	2618.39	2362.42	2062.37	1737.47	1411.04	1109.79	860.774	686.939	602.421	609.354	697.824	849.302	1042.03	1255.95	1475.53	1690.33	1894.14	2083.7	2257.62	2415.6	
0.0001	917.102	917.11	956.543	1170.05	1483.74	1941.21	2422.38	2760.89	2918.54	2923.38	2813.83	2621.68	2370.18	2079.48	1772.4	1476.67	1222.82	1038.88	943.711	941.936	1023.45	1167.9	1351.67	1553.9	1759.25	1958.07	2144.98	2317.37	2474.32	2615.94	2742.91	
0.000158489	917.102	917.11	956.541	1170.04	1483.72	1941.18	2422.34	2760.92	2918.76	2924.12	2815.86	2626.77	2382.08	2105.29	1823.83	1570.01	1376.32	1267.12	1251.17	1319.75	1451.79	1622.48	1810.37	2000.33	2183.21	2354.15	2510.95	2653.01	2780.66	2894.77	2996.55	
0.000251189	917.102	917.11	956.538	1170.02	1483.68	1941.13	2422.29	2760.96	2919.11	2925.29	2819.07	2634.76	2400.49	2144.27	1898.78	1699.57	1576.5	1543.75	1595.63	1711.61	1866.39	2038.21	2212.08	2379.2	2535	2677.52	2806.34	2921.91	3025.19	3117.38	3199.72	
0.000398107	917.102	917.11	956.532	1169.99	1483.63	1941.04	2422.21	2761.03	2919.66	2927.13	2824.06	2646.99	2428.01	2200.51	2001.61	1865.98	1814.28	1845.86	1942.44	2079.09	2233.92	2391.91	2544.26	2686.49	2816.66	2934.36	3040.05	3134.62	3219.13	3294.67	3362.26	
0.000630957	917.102	917.11	956.523	1169.94	1483.55	1940.9	2422.09	2761.13	2920.53	2929.99	2831.74	2665.43	2468.11	2278.42	2134.7	2064.39	2073.72	2148.6	2265.59	2402.95	2545.45	2684.12	2814.26	2933.82	3042.22	3139.77	3227.17	3305.26	3374.94	3437.05	3492.38	
0.001	917.102	917.11	956.509	1169.87	1483.41	1940.69	2421.89	2761.29	2921.87	2934.41	2843.38	2692.5	2524.16	2380.12	2294.29	2281.19	2333.03	2429.3	2548.91	2676.42	2802.42	2921.84	3032.26	3132.83	3223.53	3304.77	3377.18	3441.47	3498.36	3548.6	3592.88	
0.00158489	917.102	917.11	956.487	1169.76	1483.2	1940.35	2421.56	2761.53	2923.94	2941.13	2860.61	2730.82	2598.4	2503.73	2470.44	2499.14	2574.09	2675.74	2788.59	2902.7	3012.42	3114.82	3208.55	3293.21	3368.87	3435.94	3495.03	3546.81	3592.02	3631.37	3665.51	
0.00251189	917.102	917.11	956.453	1169.58	1482.87	1939.81	2421.05	2761.89	2927.08	2951.12	2885.25	2782.35	2690.17	2642.2	2649.42	2703.1	2786.62	2884.92	2987.59	3088.27	3183.34	3270.84	3349.89	3420.25	3482.17	3536.17	3582.95	3623.27	3657.83	3687.3	3712.24	
0.00398107	917.102	917.11	956.398	1169.29	1482.34	1938.96	2420.23	2762.4	2931.72	2965.49	2918.87	2847.3	2795.06	2785.33	2819.02	2884.5	2968.17	3059.48	3151.36	3239.39	3320.93	3394.57	3459.78	3516.67	3565.74	3607.7	3643.31	3673.29	3698.28	3718.85	3735.45	
0.00630957	917.102	917.11	956.311	1168.83	1481.51	1937.6	2418.91	2763.05	2938.33	2985.23	2961.96	2923.16	2905.76	2923.2	2971.62	3040.67	3120.43	3203.4	3284.37	3359.96	3428.24	3488.39	3540.4	3584.74	3622.1	3653.24	3678.87	3699.62	3716.02	3728.56	3737.62	
0.01	917.102	917.11	956.174	1168.12	1480.19	1935.46	2416.76	2763.73	2947.2	3010.58	3013.01	3004.66	3014.05	3048.52	3103.7	3171.81	3245.59	3319.26	3388.78	3451.69	3506.89	3554.21	3594.04	3627.06	3653.99	3675.5	3692.2	3704.62	3713.21	3718.37	3720.47	
0.0158489	917.102	917.11	955.959	1166.99	1478.11	1932.06	2413.26	2764.08	2958.06	3040.38	3068.17	3085.06	3112.98	3157.04	3214.15	3278.62	3344.75	3408.03	3465.55	3515.89	3558.68	3594.23	3623.11	3645.99	3663.49	3676.2	3684.6	3689.12	3690.15	3688.03	3683.07	
0.0251189	917.102	917.11	955.623	1165.23	1474.83	1926.68	2407.46	2763.13	2969.49	3071.4	3121.59	3157.42	3197.19	3245.93	3301.83	3360.49	3417.5	3469.65	3515.23	3553.65	3585.04	3609.86	3628.69	3642.09	3650.56	3654.55	3654.47	3650.68	3643.5	3633.24	3620.18	
0.0398107	917.102	917.109	955.103	1162.48	1469.71	1918.2	2397.81	2758.89	2978.27	3098.25	3166.31	3215.38	3262.28	3312.34	3364.56	3415.67	3462.66	3503.63	3537.77	3565.03	3585.7	3600.23	3609.09	3612.71	3611.49	3605.82	3596.04	3582.5	3565.51	3545.35	3522.29	
0.0630957	917.102	917.109	954.306	1158.24	1461.75	1904.88	2381.77	2747.74	2979.07	3113.88	3195.1	3253.03	3303.67	3352.43	3399.04	3441.54	3478.25	3508.25	3531.31	3547.56	3557.29	3560.87	3558.67	3551.07	3538.46	3521.21	3499.71	3474.3	3445.29	3412.97	3377.57	
0.1	917.102	917.109	953.109	1151.81	1449.52	1884.18	2355.41	2724.13	2964.59	3110.28	3200.67	3264.21	3315.96	3361.35	3401.06	3434.38	3460.62	3479.48	3490.96	3495.26	3492.64	3483.47	3468.16	3447.13	3420.85	3389.74	3354.24	3314.71	3271.51	3224.97	3175.37	
0.158489	917.102	917.109	951.363	1142.28	1431.12	1852.62	2313.26	2680.67	2926.29	3079.09	3175.56	3242.13	3292.85	3333.35	3365.22	3388.68	3403.68	3410.27	3408.59	3398.94	3381.74	3357.5	3326.76	3290.09	3248.08	3201.24	3150.11	3095.15	3036.85	2975.65	2912.02	
0.251189	917.102	917.108	948.917	1128.63	1404.21	1805.95	2248.82	2609	2855.31	3011.97	3112.01	3179.46	3227.41	3261.68	3284.56	3296.87	3299	3291.32	3274.27	3248.46	3214.59	3173.43	3125.75	3072.35	3013.95	2951.3	2885.1	2816.02	2744.73	2671.87	2598.06	
0.398107	917.102	917.108	945.682	1110.04	1366.61	1740.11	2155.93	2501.56	2743.8	2901.31	3002.62	3068.99	3112.47	3138.98	3151.21	3150.51	3137.81	3113.96	3079.95	3036.82	2985.69	2927.67	2863.85	2795.29	2723	2647.94	2571.01	2493.08	2414.91	2337.23	2260.65	
0.630957	917.102	917.107	941.716	1086.4	1317.27	1653.04	2031.36	2354.09	2586.91	2741.85	2841.87	2905.02	2942.17	2959.13	2959.06	2943.96	2915.5	2875.28	2824.91	2765.99	2700.11	2628.75	2553.34	2475.17	2395.46	2315.26	2235.53	2157.08	2080.59	2006.59	1935.51	
1	917.102	917.106	937.278	1058.82	1257.65	1546.99	1877.84	2168.83	2385.84	2533.78	2629.25	2686.74	2715.72	2721.97	2709.22	2680.36	2637.91	2584.27	2521.69	2452.3	2378.04	2300.66	2221.73	2142.57	2064.33	1987.92	1914.06	1843.32	1776.07	1712.55	1652.9	
